#Aufgenommen bei 2,4 A Beschleunigungsstrom und 5 Volt Heizspannung
#U in Volt; I in milliAmpere
3       0.007
6       0.017
9       0.027
12      0.040
15      0.053
18      0.067
21      0.081
24      0.098
27      0.114
30      0.129
33      0.149
36      0.171
39      0.193
42      0.214
45      0.235
48      0.251
51      0.275
54      0.299
57      0.322
60      0.352
65      0.400
70      0.441
75      0.492
80      0.535
85      0.576
90      0.626
110     0.786
130     0.930
150     1.053
170     1.158
190     1.238
210     1.292
230     1.330
250     1.356