# Ausgangsspannung je nach Frequenz
# Frequenz [kHz] U_A in [v] 
20 1
21 1.1
22.2 1.3
23.2 1.5
24.1 1.7
25 2.0
26 2.4
27 3.0
28.04 4.0
29 5.6
29.12 5.9
29.2 6.1
29.31 6.4
29.4 6.7
29.52 7.1
29.62 7.5
29.71 7.9
29.8 8.3
29.91 8.9
30 9.4
30.1 10.1
30.2 9.99999
30.31 10.95237
30.41 11.90475
30.5 12.85713
30.6 14.2857
30.72 16.19046
30.81 18.09522
30.9 20.47617
31.008 24.28569
31.024 24.76188
31.046 25.71426
31.06 26.19045
31.08 27.1423
31.107 28.5714
31.12 30
31.14 31
31.16 32
31.186 34
31.20 35
31.226 37
31.24 38
31.26 40
31.28 42
31.204 45
31.32 47
31.34 50
31.36 53
31.36 56
31.402 60
31.42 63
31.44 68
31.46 73
31.48 78
31.5 84
31.52 90
31.54 95
31.562 101
31.58 95.238
31.6 104.7618
31.62 104.7618
31.63 104.7618
31.64 104.7618
31.66 104.7618
31.688 99.9999
31.705 95.238
31.723 90.4761
31.742 85.7142
31.76 80.9523
31.775 76.1904
31.794 71.4285
31.815 66.6666
31.834 61.9047
31.857 57.1428
31.883 52.3809
31.917 47.619
31.951 42.8571
31.995 38.0952
32.046 33.3333
32.122 28.5714
32.220 23.8095
32.347 19.0476
32.625 14.2857
33.118 9.5238
34.518 4.7619
34.6 5
35 4.7
36 3.7
37 3.0
38 2.6
39 2.2
40 2.0


