# Zaehlrohrwinkel Rate bei 35 kV
# 2*theta [grad] R(35 kV) [Impuls/sekunde]
8.0 28.0
8.4 30
8.8 30
9.2 28
9.6 33
10 37
10.4 38
10.8 39
11.2 50
11.6 55
12 60
12.4 69
12.8 74
13.2 85
13.6 98
14 101
14.4 102
14.8 105
15.2 127
15.6 137
16 143
16.4 143
16.7 139
17.2 161
17.6 166
18 175
18.4 168
18.8 176
19.2 190
19.6 174
20 192
20.4 208
20.8 206
21.2 224
21.6 217
22 222
22.4 237
22.8 233
23.2 228
23.6 240
24 242 
24.4 246
24.8 253
25.2 251
25.6 262
26 254
26.4 233
26.8 218
27.2 196
27.6 201
28 191
28.4 199
28.8 189
29.2 191
29.6 194
30 193
30.4 194
30.8 188
31.2 186
31.6 175
32 161
32.4 177
32.8 171
33.2 164
33.6 154
34 152
34.4 155
34.8 163
35.2 143
35.5 151
36 133
36.4 127
36.8 129
37.2 133
37.5 138
38 133
38.4 135
38.8 144
39.2 142
39.5 137
40 271
40.4 1387
40.8 1192
41.2 287
41.5 181
42 156
42.4 148
42.8 140
43.2 146
43.6 156
44 182
44.4 356
44.8 4065
45.2 4756
45.5 2252
46 214
46.4 156
46.8 116
47.2 120
47.6 97 
48 102
48.4 94
48.8 89
49.2 89
49.6 86
50 80
50.4 73
50.8 74
51.2 75
51.6 73
52 70
