# Time/Div: 20 Mikrosek.
# R_2=682 +/- 0.5 ohm
# L = 16.87 +/- 0.05 mH
# C = 2.060 +/- 0.003 nF
# U_0 = 2.15 V
# f(in kHz) U_C(V) delta U_C(V)  T(20mikrosec.) delta T(mikrosek)
11.03   2.35    0.01    4.25    2
13.53   2.50    0.02    3.35    2
15.53   3.20    0.01    3.10    2
17.53   2.90    0.02    2.40    2
19.03   4.20    0.02    2.30    2
20.53   4.50    0.02    2.20    2       
22.53   6.20    0.02    2.10    2
23.03   6.00    0.05    2.10    2
24.53   6.50    0.05    2.00    2
25.53   6.75    0.05    2.00    2
26.53   6.75    0.05    1.45    2
27.03   6.50    0.05    1.40    2
28.03   6.60    0.02    1.40    2
28.53   6.40    0.02    1.40    2
30.53   4.40    0.02    1.30    2
32.03   4.00    0.02    1.30    2
33.53   2.60    0.02    2.50    2
35.53   2.30    0.01    1.20    2
37.53   2.00    0.02    1.15    2
40.03   1.30    0.01    1.10    2

