# Time/Duv: 50 Mikrosek. Volts/Div: 1V 
# Fehler A: 0.1 und t: 5 Mikrosek. 
# R_1= 67.2 +/- 0.1 ohm
# L = 16,87 +/- 0.05 mH
# t     delta t A       delta A
-4.25   5       -3.20   0.1
-4.15   5       3.10    0.1
-3.35   5       -2.40   0.1
-3.15   5       2.40    0.1
-3.00   5       -2.20   0.1
-2.25   5       2.20    0.1
-2.10   5       -2.05   0.1
-1.40   5       2.00    0.1
-1.20   5       -1.40   0.1
-1.00   5       1.35    0.1
-0.30   5       -1.30   0.1
-0.15   5       1.25    0.1
0.10    5       -1.15   0.1
0.25    5       1.15    0.1
0.45    5       -1.10   0.1
1.15    5       1.05    0.1
1.30    5       -1.00   0.1
2.00    5       1.00    0.1
2.20    5       -0.40   0.1
2.40    5       0.40    0.1
3.10    5       -0.35   0.1
3.30    5       0.35    0.1
3.45    5       -0.30   0.1
4.15    5       0.30    0.1

